470,0.9978865797816132,0.0041962951229281035,0.8402193786893074,1.5895276123252604
471,0.9989432898908066,0.0041046191243969184,0.8431444244367331,1.5758832827564568
472,0.9982388164846777,0.011800131753079304,0.8398537478891543,1.5907726634137156
473,0.9982388164846777,0.0056192765183804075,0.8351005489255218,1.5805016696344127
474,0.9992955265938711,0.0018528032675528313,0.8329067636669445,1.6190283765304676
475,1.0,0.00040509593039857563,0.8325411338474894,1.5938347881847152
476,0.9996477632969355,0.0008958174015571734,0.8351005489255218,1.6170169670795391
477,0.9996477632969355,0.0009686244990393605,0.8387568558373878,1.600149672471627
478,0.9985910531877422,0.0030951374664350915,0.8307129800646571,1.7127184829284765
479,0.9985910531877422,0.005088911382088818,0.840585009533047,1.5830873335083397
480,0.9992955265938711,0.0015253051732392262,0.8369287024904213,1.584410335464059
481,0.9985910531877422,0.00355328020472181,0.8369287024032481,1.5831657729157582
482,0.9982388164846777,0.006563168271631472,0.836197440802942,1.65761633830271
483,0.9982388164846777,0.004271123045320953,0.827787934665924,1.6430467634357961
484,0.9985910531877422,0.003610590866547857,0.8274223029722462,1.6697621375158893
485,0.9989432898908066,0.0026971201225947103,0.8263254109640662,1.7324606990465516
486,0.9989432898908066,0.004137742115660344,0.8277879337723992,1.7071132810721668
487,0.9989432898908066,0.0031297849869942706,0.8391224866375409,1.5931819960229794
488,0.9992955266778508,0.003873517253316842,0.8369287022724884,1.6052951383416352
489,0.9936597393448398,0.02227639020819309,0.8263254117268313,1.757737685383129
490,0.9968298696724198,0.016477023688365688,0.8263254117704179,1.7330188503648942
491,0.9989432898908066,0.007623693347128955,0.8387568558809744,1.6558791296137751
492,0.9975343430785488,0.005932477345432362,0.8365630716902682,1.6366689037361355
493,0.9985910531877422,0.0036214550524405614,0.8149908589052761,1.9124348849657467
494,0.9989432898908066,0.007173978430023165,0.8380255945421878,1.6457688218278903
495,0.9978865797816132,0.012293886815136063,0.8369287022724884,1.6679654941916249
496,0.9985910531877422,0.0026511997075998363,0.8347349180381957,1.6859608743482795
497,0.9989432898908066,0.003378375671512525,0.8365630716030951,1.6746485003169755
498,0.9964776329693554,0.007337265333190546,0.8340036567429956,1.6142162741865056
499,0.9957731596472063,0.015311283512572734,0.8351005489255218,1.6200890269096417
500,0.9795702712222614,0.09901515183384442,0.8288848268048636,1.6470033013188643
501,0.9918985558295175,0.036253800022848184,0.8314442417521364,1.6720115371770352
502,0.9940119760479041,0.029433058845269644,0.8087751366538583,1.9380338832708774
503,0.9936597393448398,0.024275663693138647,0.833638025899256,1.6589243268617981
504,0.9971821063754843,0.010496601830463522,0.8234003661101653,1.705524443969866
505,0.9964776329693554,0.007646866987848803,0.8340036567429956,1.686444308247819
506,0.9985910531877422,0.004401418903209424,0.828153565160971,1.698947400039903
507,0.9926030292356464,0.028974464838584735,0.8190127966608818,1.9531655479828662
508,0.9964776330533351,0.00950905431817145,0.8252285186943668,1.73069785072773
509,0.9887284255859171,0.05689789779063061,0.8299817189438033,1.731731997896156
510,0.9943642127509686,0.023334567446239338,0.8325411339346626,1.6451927924286949
511,0.9950686861570975,0.02744029549946277,0.7967093232998682,2.2183985467802674
512,0.9950686861570975,0.017072989218101842,0.8354661794641554,1.6723878689614249
513,0.9933075027257551,0.0220650760580552,0.8314442416649632,1.6470342497067216
514,0.9873194786896795,0.0658638418150658,0.8307129803261766,1.6945600983865519
515,0.9922507927005414,0.04813159196993501,0.834003656699409,1.6550702077161241
516,0.9845015850651638,0.07400177896685446,0.8307129802390034,1.6844646296945742
517,0.9929552659387109,0.04188564792959712,0.821206580851588,1.8994698616878642
518,0.9929552659387109,0.030252568411348903,0.8325411337603162,1.7158483622496916
519,0.9968298696724198,0.016851602289429564,0.8332723953606224,1.6978048935668777
520,0.9982388164846777,0.004373789702363403,0.828519195873951,1.6930945885028874
521,0.9961253962662909,0.024178328951464968,0.8230347353971854,1.80443262914417
522,0.9978865797816132,0.007628209343937929,0.8182815351913354,1.9702196965051961
523,0.9975343430785488,0.010136273784205067,0.8365630717774414,1.661906977196716
[csprh@bc4login2 logs]$

